40
300 
0 -7 0 0
0 7 0 -129
-1 -6 -6 -63
1 -6 6 -19
-2 -5 -12 -137
0 -5 -6 -122
2 -5 12 -16
-3 -4 18 -14
-1 -4 -12 -118
1 -4 12 -23
3 -4 -18 -128
-4 -3 24 -14
-2 -3 -18 -106
0 -3 -12 -124
2 -3 -18 -85
4 -3 -24 -85
-5 -2 -30 -92
-3 -2 24 -28
-1 -2 -18 -122
1 -2 18 -10
3 -2 -24 -92
5 -2 -30 -118
-6 -1 36 -18
-4 -1 -30 -134
-2 -1 -24 -123
0 -1 -18 -124
2 -1 24 -29
4 -1 30 -15
6 -1 36 -22
-7 0 -42 -83
-5 0 36 -20
-3 0 -30 -93
-1 0 24 -13
1 0 -24 -67
3 0 -30 -68
5 0 36 -25
7 0 42 -19
-6 1 -36 -112
-4 1 -30 -66
-2 1 24 -10
0 1 -18 -86
2 1 -24 -78
4 1 30 -15
6 1 -36 -65
-5 2 -30 -92
-3 2 -24 -75
-1 2 18 -25
1 2 18 -18
3 2 24 -24
5 2 30 -29
-4 3 -24 -122
-2 3 -18 -106
0 3 12 -22
2 3 -18 -84
4 3 24 -20
-3 4 18 -17
-1 4 -12 -132
1 4 12 -21
3 4 -18 -132
-2 5 -12 -66
0 5 6 -20
2 5 -12 -81
-1 6 6 -26
1 6 -6 -96