tmax = 50
lmax = 300
instance1 = rbind(
c(0, -7, 0, 0), 
c(0, 7, 0, -129), 
c(-1, -6, -6, -63), 
c(1, -6, 6, -19), 
c(-2, -5, -12, -137), 
c(0, -5, -6, -122), 
c(2, -5, 12, -16), 
c(0, -5, -6, -122), 
c(2, -5, 12, -16), 
c(-3, -4, 18, -14), 
c(-1, -4, -12, -118), 
c(1, -4, 12, -23), 
c(3, -4, -18, -128), 
c(-4, -3, 24, -14), 
c(-2, -3, -18, -106), 
c(0, -3, -12, -124), 
c(2, -3, -18, -85), 
c(4, -3, -24, -85), 
c(-5, -2, -30, -92), 
c(-3, -2, 24, -28), 
c(-1, -2, -18, -122), 
c(1, -2, 18, -10), 
c(3, -2, -24, -92), 
c(5, -2, -30, -118), 
c(-6, -1, 36, -18), 
c(-4, -1, -30, -134), 
c(-2, -1, -24, -123), 
c(0, -1, -18, -124), 
c(2, -1, 24, -29), 
c(4, -1, 30, -15
) ) 
tcost = rbind(
c(1.79769e+308, 14, 1.41421, 1.41421, 2.82843, 2, 2.82843, 2, 2.82843, 4.24264, 3.16228, 3.16228, 4.24264, 5.65685, 4.47214, 4, 4.47214, 5.65685, 7.07107, 5.83095, 5.09902, 5.09902, 5.83095, 7.07107, 8.48528, 7.2111, 6.32456, 6, 6.32456, 7.2111 ), 
c(14, 1.79769e+308, 13.0384, 13.0384, 12.1655, 12, 12.1655, 12, 12.1655, 11.4018, 11.0454, 11.0454, 11.4018, 10.7703, 10.198, 10, 10.198, 10.7703, 10.2956, 9.48683, 9.05539, 9.05539, 9.48683, 10.2956, 10, 8.94427, 8.24621, 8, 8.24621, 8.94427 ), 
c(1.41421, 13.0384, 1.79769e+308, 2, 1.41421, 1.41421, 3.16228, 1.41421, 3.16228, 2.82843, 2, 2.82843, 4.47214, 4.24264, 3.16228, 3.16228, 4.24264, 5.83095, 5.65685, 4.47214, 4, 4.47214, 5.65685, 7.2111, 7.07107, 5.83095, 5.09902, 5.09902, 5.83095, 7.07107 ), 
c(1.41421, 13.0384, 2, 1.79769e+308, 3.16228, 1.41421, 1.41421, 1.41421, 1.41421, 4.47214, 2.82843, 2, 2.82843, 5.83095, 4.24264, 3.16228, 3.16228, 4.24264, 7.2111, 5.65685, 4.47214, 4, 4.47214, 5.65685, 8.60233, 7.07107, 5.83095, 5.09902, 5.09902, 5.83095 ), 
c(2.82843, 12.1655, 1.41421, 3.16228, 1.79769e+308, 2, 4, 2, 4, 1.41421, 1.41421, 3.16228, 5.09902, 2.82843, 2, 2.82843, 4.47214, 6.32456, 4.24264, 3.16228, 3.16228, 4.24264, 5.83095, 7.61577, 5.65685, 4.47214, 4, 4.47214, 5.65685, 7.2111 ), 
c(2, 12, 1.41421, 1.41421, 2, 1.79769e+308, 2, 0, 2, 3.16228, 1.41421, 1.41421, 3.16228, 4.47214, 2.82843, 2, 2.82843, 4.47214, 5.83095, 4.24264, 3.16228, 3.16228, 4.24264, 5.83095, 7.2111, 5.65685, 4.47214, 4, 4.47214, 5.65685 ), 
c(2.82843, 12.1655, 3.16228, 1.41421, 4, 2, 1.79769e+308, 2, 0, 5.09902, 3.16228, 1.41421, 1.41421, 6.32456, 4.47214, 2.82843, 2, 2.82843, 7.61577, 5.83095, 4.24264, 3.16228, 3.16228, 4.24264, 8.94427, 7.2111, 5.65685, 4.47214, 4, 4.47214 ), 
c(2, 12, 1.41421, 1.41421, 2, 0, 2, 1.79769e+308, 2, 3.16228, 1.41421, 1.41421, 3.16228, 4.47214, 2.82843, 2, 2.82843, 4.47214, 5.83095, 4.24264, 3.16228, 3.16228, 4.24264, 5.83095, 7.2111, 5.65685, 4.47214, 4, 4.47214, 5.65685 ), 
c(2.82843, 12.1655, 3.16228, 1.41421, 4, 2, 0, 2, 1.79769e+308, 5.09902, 3.16228, 1.41421, 1.41421, 6.32456, 4.47214, 2.82843, 2, 2.82843, 7.61577, 5.83095, 4.24264, 3.16228, 3.16228, 4.24264, 8.94427, 7.2111, 5.65685, 4.47214, 4, 4.47214 ), 
c(4.24264, 11.4018, 2.82843, 4.47214, 1.41421, 3.16228, 5.09902, 3.16228, 5.09902, 1.79769e+308, 2, 4, 6, 1.41421, 1.41421, 3.16228, 5.09902, 7.07107, 2.82843, 2, 2.82843, 4.47214, 6.32456, 8.24621, 4.24264, 3.16228, 3.16228, 4.24264, 5.83095, 7.61577 ), 
c(3.16228, 11.0454, 2, 2.82843, 1.41421, 1.41421, 3.16228, 1.41421, 3.16228, 2, 1.79769e+308, 2, 4, 3.16228, 1.41421, 1.41421, 3.16228, 5.09902, 4.47214, 2.82843, 2, 2.82843, 4.47214, 6.32456, 5.83095, 4.24264, 3.16228, 3.16228, 4.24264, 5.83095 ), 
c(3.16228, 11.0454, 2.82843, 2, 3.16228, 1.41421, 1.41421, 1.41421, 1.41421, 4, 2, 1.79769e+308, 2, 5.09902, 3.16228, 1.41421, 1.41421, 3.16228, 6.32456, 4.47214, 2.82843, 2, 2.82843, 4.47214, 7.61577, 5.83095, 4.24264, 3.16228, 3.16228, 4.24264 ), 
c(4.24264, 11.4018, 4.47214, 2.82843, 5.09902, 3.16228, 1.41421, 3.16228, 1.41421, 6, 4, 2, 1.79769e+308, 7.07107, 5.09902, 3.16228, 1.41421, 1.41421, 8.24621, 6.32456, 4.47214, 2.82843, 2, 2.82843, 9.48683, 7.61577, 5.83095, 4.24264, 3.16228, 3.16228 ), 
c(5.65685, 10.7703, 4.24264, 5.83095, 2.82843, 4.47214, 6.32456, 4.47214, 6.32456, 1.41421, 3.16228, 5.09902, 7.07107, 1.79769e+308, 2, 4, 6, 8, 1.41421, 1.41421, 3.16228, 5.09902, 7.07107, 9.05539, 2.82843, 2, 2.82843, 4.47214, 6.32456, 8.24621 ), 
c(4.47214, 10.198, 3.16228, 4.24264, 2, 2.82843, 4.47214, 2.82843, 4.47214, 1.41421, 1.41421, 3.16228, 5.09902, 2, 1.79769e+308, 2, 4, 6, 3.16228, 1.41421, 1.41421, 3.16228, 5.09902, 7.07107, 4.47214, 2.82843, 2, 2.82843, 4.47214, 6.32456 ), 
c(4, 10, 3.16228, 3.16228, 2.82843, 2, 2.82843, 2, 2.82843, 3.16228, 1.41421, 1.41421, 3.16228, 4, 2, 1.79769e+308, 2, 4, 5.09902, 3.16228, 1.41421, 1.41421, 3.16228, 5.09902, 6.32456, 4.47214, 2.82843, 2, 2.82843, 4.47214 ), 
c(4.47214, 10.198, 4.24264, 3.16228, 4.47214, 2.82843, 2, 2.82843, 2, 5.09902, 3.16228, 1.41421, 1.41421, 6, 4, 2, 1.79769e+308, 2, 7.07107, 5.09902, 3.16228, 1.41421, 1.41421, 3.16228, 8.24621, 6.32456, 4.47214, 2.82843, 2, 2.82843 ), 
c(5.65685, 10.7703, 5.83095, 4.24264, 6.32456, 4.47214, 2.82843, 4.47214, 2.82843, 7.07107, 5.09902, 3.16228, 1.41421, 8, 6, 4, 2, 1.79769e+308, 9.05539, 7.07107, 5.09902, 3.16228, 1.41421, 1.41421, 10.198, 8.24621, 6.32456, 4.47214, 2.82843, 2 ), 
c(7.07107, 10.2956, 5.65685, 7.2111, 4.24264, 5.83095, 7.61577, 5.83095, 7.61577, 2.82843, 4.47214, 6.32456, 8.24621, 1.41421, 3.16228, 5.09902, 7.07107, 9.05539, 1.79769e+308, 2, 4, 6, 8, 10, 1.41421, 1.41421, 3.16228, 5.09902, 7.07107, 9.05539 ), 
c(5.83095, 9.48683, 4.47214, 5.65685, 3.16228, 4.24264, 5.83095, 4.24264, 5.83095, 2, 2.82843, 4.47214, 6.32456, 1.41421, 1.41421, 3.16228, 5.09902, 7.07107, 2, 1.79769e+308, 2, 4, 6, 8, 3.16228, 1.41421, 1.41421, 3.16228, 5.09902, 7.07107 ), 
c(5.09902, 9.05539, 4, 4.47214, 3.16228, 3.16228, 4.24264, 3.16228, 4.24264, 2.82843, 2, 2.82843, 4.47214, 3.16228, 1.41421, 1.41421, 3.16228, 5.09902, 4, 2, 1.79769e+308, 2, 4, 6, 5.09902, 3.16228, 1.41421, 1.41421, 3.16228, 5.09902 ), 
c(5.09902, 9.05539, 4.47214, 4, 4.24264, 3.16228, 3.16228, 3.16228, 3.16228, 4.47214, 2.82843, 2, 2.82843, 5.09902, 3.16228, 1.41421, 1.41421, 3.16228, 6, 4, 2, 1.79769e+308, 2, 4, 7.07107, 5.09902, 3.16228, 1.41421, 1.41421, 3.16228 ), 
c(5.83095, 9.48683, 5.65685, 4.47214, 5.83095, 4.24264, 3.16228, 4.24264, 3.16228, 6.32456, 4.47214, 2.82843, 2, 7.07107, 5.09902, 3.16228, 1.41421, 1.41421, 8, 6, 4, 2, 1.79769e+308, 2, 9.05539, 7.07107, 5.09902, 3.16228, 1.41421, 1.41421 ), 
c(7.07107, 10.2956, 7.2111, 5.65685, 7.61577, 5.83095, 4.24264, 5.83095, 4.24264, 8.24621, 6.32456, 4.47214, 2.82843, 9.05539, 7.07107, 5.09902, 3.16228, 1.41421, 10, 8, 6, 4, 2, 1.79769e+308, 11.0454, 9.05539, 7.07107, 5.09902, 3.16228, 1.41421 ), 
c(8.48528, 10, 7.07107, 8.60233, 5.65685, 7.2111, 8.94427, 7.2111, 8.94427, 4.24264, 5.83095, 7.61577, 9.48683, 2.82843, 4.47214, 6.32456, 8.24621, 10.198, 1.41421, 3.16228, 5.09902, 7.07107, 9.05539, 11.0454, 1.79769e+308, 2, 4, 6, 8, 10 ), 
c(7.2111, 8.94427, 5.83095, 7.07107, 4.47214, 5.65685, 7.2111, 5.65685, 7.2111, 3.16228, 4.24264, 5.83095, 7.61577, 2, 2.82843, 4.47214, 6.32456, 8.24621, 1.41421, 1.41421, 3.16228, 5.09902, 7.07107, 9.05539, 2, 1.79769e+308, 2, 4, 6, 8 ), 
c(6.32456, 8.24621, 5.09902, 5.83095, 4, 4.47214, 5.65685, 4.47214, 5.65685, 3.16228, 3.16228, 4.24264, 5.83095, 2.82843, 2, 2.82843, 4.47214, 6.32456, 3.16228, 1.41421, 1.41421, 3.16228, 5.09902, 7.07107, 4, 2, 1.79769e+308, 2, 4, 6 ), 
c(6, 8, 5.09902, 5.09902, 4.47214, 4, 4.47214, 4, 4.47214, 4.24264, 3.16228, 3.16228, 4.24264, 4.47214, 2.82843, 2, 2.82843, 4.47214, 5.09902, 3.16228, 1.41421, 1.41421, 3.16228, 5.09902, 6, 4, 2, 1.79769e+308, 2, 4 ), 
c(6.32456, 8.24621, 5.83095, 5.09902, 5.65685, 4.47214, 4, 4.47214, 4, 5.83095, 4.24264, 3.16228, 3.16228, 6.32456, 4.47214, 2.82843, 2, 2.82843, 7.07107, 5.09902, 3.16228, 1.41421, 1.41421, 3.16228, 8, 6, 4, 2, 1.79769e+308, 2 ), 
c(7.2111, 8.94427, 7.07107, 5.83095, 7.2111, 5.65685, 4.47214, 5.65685, 4.47214, 7.61577, 5.83095, 4.24264, 3.16228, 8.24621, 6.32456, 4.47214, 2.82843, 2, 9.05539, 7.07107, 5.09902, 3.16228, 1.41421, 1.41421, 10, 8, 6, 4, 2, 1.79769e+308 ) 
) 
